79
99
19
22
79
88
97
6
1
69
34
64
93
36
21
56
20
64
77
34
47
5
3
56
70
19
18
26
93
51
67
100
42
48
40
6
74
82
41
55
0
11
31
27
14
7
96
85
29
27
91
42
17
79
34
91
27
10
100
31
9
60
39
55
67
37
40
75
97
93
41
1
95
40
50
59
71
20
21
10
33
40
4
90
89
50
69
52
23
3
54
100
72
43
88
90
34
29
58
55
100
16
41
48
67
4
21
64
73
29
81
13
99
97
32
42
58
84
78
55
92
34
98
18
22
66
92
78
9
31
63
30
51
52
27
72
32
17
9
32
53
40
27
37
26
63
38
50
20
83
39
58
24
40
96
44
2
7
37
98
41
65
37
27
85
19
48
50
6
83
6
62
71
17
90
10
84
85
92
12
86
7
61
43
42
77
53
72
12
11
84
52
39
32
63
44
15
64
49
70
64
31
66
16
74
95
0
90
45
60
54
45
18
5
25
80
51
20
2
24
88
41
40
99
31
89
47
3
43
39
59
60
12
22
19
50
64
48
76
38
33
12
82
60
74
12
14
58
80
45
88
61
77
90
20
95
57
71
73
14
1
26
54
14
42
37
22
73
3
63
53
55
3
76
79
22
24
47
65
43
61
99
52
24
6
45
33
66
95
14
77
58
25
28
53
69
33
33
80
8
53
83
41
89
40
86
43
11
43
86
55
20
66
10
94
13
19
69
83
64
74
75
39
99
55
51
35
34
26
19
41
2
24
60
76
12
79
11
15
82
30
77
9
94
71
29
97
51
39
20
87
55
10
87
66
67
5
21
88
0
1
62
49
57
3
71
12
29
40
74
54
56
13
20
58
25
48
55
25
29
56
46
17
51
51
98
24
40
51
63
75
43
3
37
95
69
20
33
8
27
0
15
95
3
43
15
88
100
55
41
7
38
83
95
34
39
97
27
24
87
97
47
21
73
78
44
90
86
6
51
5
77
26
51
58
66
61
61
17
98
38
61
66
45
56
81
16
10
39
36
17
31
31
41
24
67
40
11
40
37
40
43
46
81
22
46
88
6
75
28
95
81
11
90
85
95
12
81
33
2
74
67
60
91
47
17
34
0
69
59
19
32
76
58
25
20
5
8
33
8
55
88
31
22
93
9
33
18
95
29
43
56
86
37
52
63
97
9
88
80
51
66
66
1
62
98
18
84
36
45
41
30
60
86
88
32
99
49
92
22
68
24
77
3
20
84
31
67
48
57
73
50
71
23
23
46
51
68
29
97
38
39
67
46
8
69
0
79
39
56
77
60
86
94
51
76
71
9
48
78
96
72
32
42
20
94
79
88
78
5
77
97
6
100
41
52
2
49
27
37
73
81
64
3
31
43
96
50
89
98
7
82
73
93
30
37
77
56
41
86
57
6
34
17
60
91
64
40
56
94
83
11
6
43
41
45
70
61
30
68
77
35
9
99
72
86
68
86
79
16
98
61
67
83
27
6
74
98
58
78
75
68
26
64
6
95
51
2
33
27
73
86
11
38
32
38
90
26
16
26
68
17
0
51
21
90
24
81
39
10
13
59
89
39
60
94
96
3
5
55
76
50
47
65
48
88
35
40
43
34
14
98
91
28
36
96
97
61
77
100
12
85
40
82
73
91
46
68
77
73
18
89
9
84
18
44
54
49
100
49
45
51
45
96
91
77
73
31
76
75
70
57
39
37
24
82
53
57
89
9
79
29
2
84
23
24
0
7
53
30
28
46
31
27
32
75
29
35
27
6
89
87
55
33
66
61
56
99
26
48
8
4
57
15
2
13
90
82
77
0
34
15
33
52
40
88
17
94
70
12
91
39
41
96
50
52
12
15
99
90
34
81
69
25
72
56
76
55
6
80
54
81
37
98
28
42
75
21
89
56
30
11
51
85
73
56
12
99
14
64
31
70
25
87
58
77
4
40
97
51
11
93
43
33
96
81
16
78
48
19
87
41
17
80
28
16
96
51
81
69
91
78
92
16
27
7
43
27
36
64
88
81
25
26
91
12
96
15
66
36
2
23
16
6
82
73
16
83
38
58
32
30
58
32
32
63
41
72
91
3
91
90
64
46
74
28
55
49
64
27
91
15
12
32
64
44
70
33
8
51
13
54
100
56
61
55
48
25
12
0
16
92
24
65
20
36
94
3
59
75
96
5
68
15
72
82
42
70
81
89
85
50
21
13
12
73
62
100
94
5
94
93
89
92
64
66
67
33
35
24
47
84
42
12
55
93
60
42
21
18
